0.0000 0.0000
0.0000 6.0000
7.5000 6.0000
7.5000 -6.0000
-7.5000 -6.0000
-7.5000 12.0000
15.0000 12.0000
15.0000 -12.0000
-15.0000 -12.0000
-15.0000 18.0000
22.5000 18.0000
22.5000 -18.0000
-22.5000 -18.0000
-22.5000 24.0000
30.0000 24.0000
30.0000 -24.0000
-30.0000 -24.0000
-30.0000 30.0000
37.5000 30.0000
37.5000 -30.0000
-37.5000 -30.0000
-37.5000 36.0000
45.0000 36.0000
45.0000 -36.0000
-45.0000 -36.0000
-45.0000 42.0000
52.5000 42.0000
52.5000 -42.0000
-52.5000 -42.0000
-52.5000 48.0000
60.0000 48.0000
60.0000 -48.0000
-60.0000 -48.0000
-60.0000 54.0000
67.5000 54.0000
67.5000 -54.0000
-67.5000 -54.0000
-67.5000 60.0000
75.0000 60.0000
75.0000 -60.0000
-75.0000 -60.0000
-75.0000 66.0000
82.5000 66.0000
82.5000 -66.0000
-82.5000 -66.0000
-82.5000 72.0000
90.0000 72.0000
90.0000 -72.0000
-90.0000 -72.0000
-90.0000 78.0000
97.5000 78.0000
97.5000 -78.0000
-97.5000 -78.0000
-97.5000 84.0000
105.0000 84.0000
105.0000 -84.0000
-105.0000 -84.0000
-105.0000 90.0000
112.5000 90.0000
112.5000 -90.0000
-112.5000 -90.0000
-112.5000 96.0000
120.0000 96.0000
120.0000 -96.0000
-120.0000 -96.0000
-120.0000 102.0000
127.5000 102.0000
127.5000 -102.0000
-127.5000 -102.0000
-127.5000 108.0000
135.0000 108.0000
135.0000 -108.0000
-135.0000 -108.0000
-135.0000 114.0000
142.5000 114.0000
142.5000 -114.0000
-142.5000 -114.0000
-142.5000 120.0000
150.0000 120.0000
150.0000 -120.0000
-150.0000 -120.0000
