5.5000 0.0000
7.5000 2.0000
7.5000 4.0000
5.5000 6.0000
-5.5000 6.0000
-7.5000 4.0000
-7.5000 -4.0000
-5.5000 -6.0000
13.0000 -6.0000
15.0000 -4.0000
15.0000 10.0000
13.0000 12.0000
-13.0000 12.0000
-15.0000 10.0000
-15.0000 -10.0000
-13.0000 -12.0000
20.5000 -12.0000
22.5000 -10.0000
22.5000 16.0000
20.5000 18.0000
-20.5000 18.0000
-22.5000 16.0000
-22.5000 -16.0000
-20.5000 -18.0000
28.0000 -18.0000
30.0000 -16.0000
30.0000 22.0000
28.0000 24.0000
-28.0000 24.0000
-30.0000 22.0000
-30.0000 -22.0000
-28.0000 -24.0000
35.5000 -24.0000
37.5000 -22.0000
37.5000 28.0000
35.5000 30.0000
-35.5000 30.0000
-37.5000 28.0000
-37.5000 -28.0000
-35.5000 -30.0000
43.0000 -30.0000
45.0000 -28.0000
45.0000 34.0000
43.0000 36.0000
-43.0000 36.0000
-45.0000 34.0000
-45.0000 -34.0000
-43.0000 -36.0000
50.5000 -36.0000
52.5000 -34.0000
52.5000 40.0000
50.5000 42.0000
-50.5000 42.0000
-52.5000 40.0000
-52.5000 -40.0000
-50.5000 -42.0000
58.0000 -42.0000
60.0000 -40.0000
60.0000 46.0000
58.0000 48.0000
-58.0000 48.0000
-60.0000 46.0000
-60.0000 -46.0000
-58.0000 -48.0000
65.5000 -48.0000
67.5000 -46.0000
67.5000 52.0000
65.5000 54.0000
-65.5000 54.0000
-67.5000 52.0000
-67.5000 -52.0000
-65.5000 -54.0000
73.0000 -54.0000
75.0000 -52.0000
75.0000 58.0000
73.0000 60.0000
-73.0000 60.0000
-75.0000 58.0000
-75.0000 -58.0000
-73.0000 -60.0000
80.5000 -60.0000
82.5000 -58.0000
82.5000 64.0000
80.5000 66.0000
-80.5000 66.0000
-82.5000 64.0000
-82.5000 -64.0000
-80.5000 -66.0000
88.0000 -66.0000
90.0000 -64.0000
90.0000 70.0000
88.0000 72.0000
-88.0000 72.0000
-90.0000 70.0000
-90.0000 -70.0000
-88.0000 -72.0000
95.5000 -72.0000
97.5000 -70.0000
97.5000 76.0000
95.5000 78.0000
-95.5000 78.0000
-97.5000 76.0000
-97.5000 -76.0000
-95.5000 -78.0000
103.0000 -78.0000
105.0000 -76.0000
105.0000 82.0000
103.0000 84.0000
-103.0000 84.0000
-105.0000 82.0000
-105.0000 -82.0000
-103.0000 -84.0000
110.5000 -84.0000
112.5000 -82.0000
112.5000 88.0000
110.5000 90.0000
-110.5000 90.0000
-112.5000 88.0000
-112.5000 -88.0000
-110.5000 -90.0000
118.0000 -90.0000
120.0000 -88.0000
120.0000 94.0000
118.0000 96.0000
-118.0000 96.0000
-120.0000 94.0000
-120.0000 -94.0000
-118.0000 -96.0000
125.5000 -96.0000
127.5000 -94.0000
127.5000 100.0000
125.5000 102.0000
-125.5000 102.0000
-127.5000 100.0000
-127.5000 -100.0000
-125.5000 -102.0000
133.0000 -102.0000
135.0000 -100.0000
135.0000 106.0000
133.0000 108.0000
-133.0000 108.0000
-135.0000 106.0000
-135.0000 -106.0000
-133.0000 -108.0000
140.5000 -108.0000
142.5000 -106.0000
142.5000 112.0000
140.5000 114.0000
-140.5000 114.0000
-142.5000 112.0000
-142.5000 -112.0000
-140.5000 -114.0000
148.0000 -114.0000
150.0000 -112.0000
150.0000 118.0000
148.0000 120.0000
-148.0000 120.0000
-150.0000 118.0000
-150.0000 -118.0000
-148.0000 -120.0000
